kinematics:
  shoulder:
    x: 0
    y: 0
    z: 0.1625928926388782
    roll: -0
    pitch: 0
    yaw: 1.407490463761762e-08
  upper_arm:
    x: 0.0001633290396847193
    y: 0
    z: 0
    roll: 1.569833151515029
    pitch: 0
    yaw: 4.203263495390265e-07
  forearm:
    x: -0.4252705043763538
    y: 0
    z: 0
    roll: 3.141497389144542
    pitch: 3.139582033751201
    yaw: 1.641719776884571e-06
  wrist_1:
    x: -0.3922414056765892
    y: -0.0001705522549675483
    z: 0.1337413269734199
    roll: 0.001275239048202155
    pitch: 0.0003483795394872059
    yaw: 3.141586848241971
  wrist_2:
    x: 0.0001101580205668968
    y: -0.09972935098219038
    z: 3.838706238979488e-05
    roll: 1.570411414428417
    pitch: 0
    yaw: -2.991625835183087e-07
  wrist_3:
    x: 4.849124201112296e-05
    y: 0.09971341949426617
    z: 8.102912491381861e-05
    roll: 1.57160894667584
    pitch: 3.141592653589793
    yaw: 3.141592598887769
  hash: calib_1282784419969490140